25 contenders are:
[3, 3, 3, 3, 3, 3, 3, 3, 3, 3, 3, 3, 3, 3, 3, 3, 3, 3, 3, 3, 3, 3, 3, 3, 3, 3, 3, 3, 3, 3, 3, 3, 3, 3, 3, 3, 3, 3, 3, 3, 3, 3, 3, 3, 3, 3, 3, 3, 3, 3]
[3, 0, 3, 3, 0, 3, 0, 0, 3, 0, 1, 0, 0, 3, 0, 3, 3, 1, 3, 0, 3, 3, 3, 3, 1, 2, 3, 2, 1, 1, 3, 3, 0, 1, 1, 3, 1, 3, 3, 3, 3, 3, 3, 3, 3, 3, 3, 3, 3, 3]
[3, 0, 3, 3, 0, 3, 0, 0, 3, 0, 1, 0, 0, 3, 0, 3, 3, 1, 3, 0, 3, 3, 3, 3, 1, 2, 3, 2, 1, 1, 3, 2, 3, 3, 3, 3, 3, 3, 3, 3, 3, 3, 3, 3, 3, 3, 3, 3, 3, 3]
[3, 0, 3, 3, 0, 3, 0, 0, 3, 0, 1, 0, 0, 3, 0, 3, 3, 1, 3, 0, 3, 3, 3, 3, 1, 2, 3, 2, 0, 2, 3, 0, 3, 2, 2, 2, 3, 0, 0, 3, 0, 1, 1, 0, 3, 2, 3, 3, 3, 3]
[3, 0, 3, 3, 0, 3, 0, 0, 3, 0, 1, 0, 0, 3, 0, 3, 3, 1, 3, 0, 3, 3, 3, 3, 1, 2, 3, 2, 0, 2, 3, 0, 3, 2, 2, 2, 3, 0, 1, 0, 0, 3, 1, 2, 1, 1, 3, 3, 3, 3]
[3, 0, 3, 3, 0, 3, 0, 0, 3, 0, 1, 0, 0, 3, 0, 3, 3, 1, 3, 0, 3, 3, 3, 3, 1, 2, 3, 2, 1, 1, 3, 3, 0, 1, 1, 2, 1, 3, 3, 3, 3, 3, 3, 3, 3, 3, 3, 3, 3, 3]
[3, 0, 3, 3, 0, 3, 0, 0, 3, 0, 1, 0, 0, 3, 0, 3, 3, 1, 3, 0, 3, 3, 3, 3, 1, 2, 3, 2, 1, 2, 1, 1, 2, 0, 1, 0, 1, 2, 3, 3, 3, 3, 3, 3, 3, 3, 3, 3, 3, 3]
[3, 0, 3, 3, 0, 3, 0, 0, 3, 0, 1, 0, 0, 3, 0, 3, 3, 1, 3, 0, 3, 3, 3, 3, 1, 2, 3, 2, 1, 2, 2, 0, 1, 2, 3, 3, 3, 2, 3, 3, 3, 3, 3, 3, 3, 3, 3, 3, 3, 3]
[3, 0, 3, 3, 0, 3, 0, 0, 3, 0, 1, 0, 0, 3, 0, 3, 3, 1, 3, 0, 3, 3, 3, 3, 1, 2, 3, 2, 1, 1, 3, 3, 0, 1, 1, 0, 1, 1, 3, 3, 3, 3, 3, 3, 3, 3, 3, 3, 3, 3]
[3, 0, 3, 3, 0, 3, 0, 0, 3, 0, 1, 0, 0, 3, 0, 3, 3, 1, 3, 0, 3, 3, 3, 3, 1, 2, 3, 2, 1, 2, 0, 0, 3, 2, 2, 2, 3, 0, 3, 3, 3, 3, 3, 3, 3, 3, 3, 3, 3, 3]
[3, 0, 3, 3, 0, 3, 0, 0, 3, 0, 1, 0, 0, 3, 0, 3, 3, 1, 3, 0, 3, 3, 3, 3, 1, 2, 3, 2, 1, 2, 2, 2, 2, 2, 3, 3, 1, 0, 3, 3, 3, 3, 3, 3, 3, 3, 3, 3, 3, 3]
[3, 0, 3, 3, 0, 3, 0, 0, 3, 0, 1, 0, 0, 3, 0, 3, 3, 1, 3, 0, 3, 3, 3, 3, 1, 2, 3, 2, 1, 2, 0, 0, 1, 2, 1, 2, 2, 2, 3, 3, 3, 3, 3, 3, 3, 3, 3, 3, 3, 3]
[3, 0, 3, 3, 0, 3, 0, 0, 3, 0, 1, 0, 0, 3, 0, 3, 3, 1, 3, 0, 3, 3, 3, 3, 1, 2, 3, 2, 1, 2, 0, 1, 2, 2, 2, 0, 3, 2, 3, 3, 3, 3, 3, 3, 3, 3, 3, 3, 3, 3]
[3, 0, 3, 3, 0, 3, 0, 0, 3, 0, 1, 0, 0, 3, 0, 3, 3, 1, 3, 0, 3, 3, 3, 3, 1, 2, 3, 2, 1, 1, 3, 3, 0, 1, 1, 1, 2, 2, 3, 3, 3, 3, 3, 3, 3, 3, 3, 3, 3, 3]
[3, 0, 3, 3, 0, 3, 0, 0, 3, 0, 1, 0, 0, 3, 0, 3, 3, 1, 3, 0, 3, 3, 3, 3, 1, 2, 3, 2, 1, 2, 0, 2, 1, 2, 3, 1, 3, 1, 3, 3, 3, 3, 3, 3, 3, 3, 3, 3, 3, 3]
[3, 0, 3, 3, 0, 3, 0, 0, 3, 0, 1, 0, 0, 3, 0, 3, 3, 1, 3, 0, 3, 3, 3, 3, 1, 2, 3, 2, 1, 1, 3, 3, 0, 2, 1, 0, 1, 1, 3, 3, 3, 3, 3, 3, 3, 3, 3, 3, 3, 3]
[3, 0, 3, 3, 3, 3, 3, 3, 3, 3, 3, 3, 3, 3, 3, 3, 3, 3, 3, 3, 3, 3, 3, 3, 3, 3, 3, 3, 3, 3, 3, 3, 3, 3, 3, 3, 3, 3, 3, 3, 3, 3, 3, 3, 3, 3, 3, 3, 3, 3]
[3, 0, 3, 3, 0, 3, 0, 0, 3, 0, 1, 0, 0, 3, 0, 3, 3, 1, 3, 0, 3, 3, 3, 3, 1, 2, 3, 2, 2, 2, 2, 2, 2, 3, 3, 2, 2, 2, 3, 3, 3, 3, 3, 3, 3, 3, 3, 3, 3, 3]
[3, 0, 3, 3, 0, 3, 0, 0, 3, 0, 1, 0, 0, 3, 0, 3, 3, 1, 3, 0, 3, 3, 3, 3, 1, 2, 3, 2, 1, 1, 3, 3, 2, 3, 3, 3, 2, 1, 3, 3, 3, 3, 3, 3, 3, 3, 3, 3, 3, 3]
[3, 0, 3, 3, 0, 3, 0, 0, 3, 0, 1, 0, 0, 3, 0, 3, 3, 1, 3, 0, 3, 3, 3, 3, 1, 2, 3, 2, 1, 2, 3, 3, 2, 2, 2, 2, 2, 2, 3, 3, 3, 3, 3, 3, 3, 3, 3, 3, 3, 3]
[3, 0, 3, 3, 0, 3, 0, 0, 3, 0, 1, 0, 0, 3, 0, 3, 3, 1, 3, 0, 3, 3, 3, 3, 3, 3, 3, 3, 3, 3, 3, 3, 3, 3, 3, 3, 3, 3, 3, 3, 3, 3, 3, 3, 3, 3, 3, 3, 3, 3]
[3, 0, 3, 3, 0, 3, 0, 0, 1, 1, 3, 0, 3, 3, 3, 3, 3, 3, 3, 3, 3, 3, 3, 3, 3, 3, 3, 3, 3, 3, 3, 3, 3, 3, 3, 3, 3, 3, 3, 3, 3, 3, 3, 3, 3, 3, 3, 3, 3, 3]
[3, 0, 3, 3, 0, 3, 0, 0, 3, 0, 1, 0, 0, 3, 0, 3, 3, 3, 3, 3, 3, 3, 3, 3, 3, 3, 3, 3, 3, 3, 3, 3, 3, 3, 3, 3, 3, 3, 3, 3, 3, 3, 3, 3, 3, 3, 3, 3, 3, 3]
[3, 0, 3, 3, 0, 3, 0, 0, 3, 0, 1, 0, 0, 3, 0, 3, 0, 3, 0, 0, 3, 2, 3, 3, 3, 3, 3, 3, 3, 3, 3, 3, 3, 3, 3, 3, 3, 3, 3, 3, 3, 3, 3, 3, 3, 3, 3, 3, 3, 3]
[3, 0, 3, 3, 0, 3, 0, 0, 2, 1, 1, 1, 1, 2, 3, 2, 3, 3, 3, 3, 3, 3, 3, 3, 3, 3, 3, 3, 3, 3, 3, 3, 3, 3, 3, 3, 3, 3, 3, 3, 3, 3, 3, 3, 3, 3, 3, 3, 3, 3]

Results:
[(19, 1), (19, 1), (20, 0), (19, 1), (19, 1), (18, 2), (19, 1), (19, 1), (19, 1), (18, 2), (20, 0), (19, 1), (18, 2), (19, 1), (19, 1), (2, 18), (19, 1), (18, 2), (18, 2), (19, 1), (18, 2), (18, 2), (19, 1), (18, 2)]
[(19, 1), (3, 17), (19, 1), (3, 17), (3, 17), (12, 8), (8, 12), (10, 10), (3, 17), (1, 19), (3, 17), (2, 18), (3, 17), (2, 18), (2, 18), (1, 19), (2, 18), (2, 18), (1, 19), (0, 20), (1, 19), (1, 19), (1, 19)]
[(18, 2), (17, 3), (1, 19), (0, 20), (0, 20), (3, 17), (0, 20), (0, 20), (0, 20), (0, 20), (3, 17), (0, 20), (1, 19), (18, 2), (0, 20), (1, 19), (0, 20), (20, 0), (2, 18), (2, 18), (1, 19), (3, 17)]
[(2, 18), (8, 12), (10, 10), (8, 12), (2, 18), (8, 12), (3, 17), (2, 18), (3, 17), (2, 18), (2, 18), (3, 17), (2, 18), (1, 19), (1, 19), (2, 18), (1, 19), (1, 19), (1, 19), (1, 19), (1, 19)]
[(3, 17), (10, 10), (7, 13), (3, 17), (9, 11), (2, 18), (3, 17), (17, 3), (1, 19), (1, 19), (2, 18), (2, 18), (1, 19), (7, 13), (1, 19), (2, 18), (1, 19), (1, 19), (2, 18), (0, 20)]
[(7, 13), (12, 8), (3, 17), (17, 3), (11, 9), (9, 11), (8, 12), (8, 12), (7, 13), (2, 18), (8, 12), (1, 19), (2, 18), (2, 18), (1, 19), (1, 19), (1, 19), (1, 19), (1, 19)]
[(3, 17), (10, 10), (11, 9), (9, 11), (9, 11), (10, 10), (3, 17), (3, 17), (11, 9), (3, 17), (3, 17), (1, 19), (1, 19), (1, 19), (1, 19), (2, 18), (1, 19), (1, 19)]
[(10, 10), (3, 17), (10, 10), (8, 12), (3, 17), (2, 18), (10, 10), (3, 17), (7, 13), (9, 11), (3, 17), (3, 17), (1, 19), (2, 18), (1, 19), (2, 18), (1, 19)]
[(3, 17), (17, 3), (0, 20), (12, 8), (12, 8), (12, 8), (10, 10), (18, 2), (17, 3), (2, 18), (9, 11), (1, 19), (1, 19), (1, 19), (1, 19), (1, 19)]
[(10, 10), (9, 11), (1, 19), (9, 11), (10, 10), (3, 17), (3, 17), (3, 17), (8, 12), (2, 18), (1, 19), (1, 19), (0, 20), (1, 19), (1, 19)]
[(3, 17), (17, 3), (3, 17), (8, 12), (2, 18), (10, 10), (2, 18), (3, 17), (2, 18), (1, 19), (1, 19), (2, 18), (1, 19), (1, 19)]
[(9, 11), (3, 17), (7, 13), (9, 11), (2, 18), (3, 17), (3, 17), (1, 19), (2, 18), (1, 19), (1, 19), (2, 18), (1, 19)]
[(18, 2), (12, 8), (2, 18), (2, 18), (9, 11), (2, 18), (7, 13), (1, 19), (1, 19), (1, 19), (1, 19), (1, 19)]
[(8, 12), (17, 3), (8, 12), (2, 18), (2, 18), (2, 18), (2, 18), (1, 19), (1, 19), (1, 19), (1, 19)]
[(18, 2), (3, 17), (7, 13), (7, 13), (1, 19), (1, 19), (1, 19), (2, 18), (1, 19), (1, 19)]
[(13, 7), (1, 19), (10, 10), (3, 17), (1, 19), (1, 19), (1, 19), (0, 20), (1, 19)]
[(18, 2), (9, 11), (12, 8), (3, 17), (0, 20), (1, 19), (3, 17), (2, 18)]
[(3, 17), (2, 18), (2, 18), (1, 19), (2, 18), (1, 19), (1, 19)]
[(9, 11), (1, 19), (2, 18), (1, 19), (1, 19), (1, 19)]
[(1, 19), (3, 17), (2, 18), (1, 19), (1, 19)]
[(1, 19), (19, 1), (3, 17), (3, 17)]
[(1, 19), (10, 10), (1, 19)]
[(1, 19), (10, 10)]
[(10, 10)]
[]

Sorted scores:
(83, [3, 0, 3, 3, 0, 3, 0, 0, 3, 0, 1, 0, 0, 3, 0, 3, 3, 1, 3, 0, 3, 3, 3, 3, 1, 2, 3, 2, 0, 2, 3, 0, 3, 2, 2, 2, 3, 0, 0, 3, 0, 1, 1, 0, 3, 2, 3, 3, 3, 3])
(92, [3, 0, 3, 3, 0, 3, 0, 0, 3, 0, 1, 0, 0, 3, 0, 3, 3, 1, 3, 0, 3, 3, 3, 3, 1, 2, 3, 2, 1, 1, 3, 2, 3, 3, 3, 3, 3, 3, 3, 3, 3, 3, 3, 3, 3, 3, 3, 3, 3, 3])
(98, [3, 0, 3, 3, 0, 3, 0, 0, 3, 0, 1, 0, 0, 3, 0, 3, 3, 1, 3, 0, 3, 3, 3, 3, 1, 2, 3, 2, 0, 2, 3, 0, 3, 2, 2, 2, 3, 0, 1, 0, 0, 3, 1, 2, 1, 1, 3, 3, 3, 3])
(103, [3, 0, 3, 3, 0, 3, 0, 0, 3, 0, 1, 0, 0, 3, 0, 3, 3, 1, 3, 0, 3, 3, 3, 3, 1, 2, 3, 2, 1, 1, 3, 3, 0, 1, 1, 3, 1, 3, 3, 3, 3, 3, 3, 3, 3, 3, 3, 3, 3, 3])
(155, [3, 0, 3, 3, 0, 3, 0, 0, 3, 0, 1, 0, 0, 3, 0, 3, 3, 1, 3, 0, 3, 3, 3, 3, 1, 2, 3, 2, 1, 2, 1, 1, 2, 0, 1, 0, 1, 2, 3, 3, 3, 3, 3, 3, 3, 3, 3, 3, 3, 3])
(157, [3, 0, 3, 3, 0, 3, 0, 0, 3, 0, 1, 0, 0, 3, 0, 3, 3, 1, 3, 0, 3, 3, 3, 3, 1, 2, 3, 2, 1, 2, 2, 0, 1, 2, 3, 3, 3, 2, 3, 3, 3, 3, 3, 3, 3, 3, 3, 3, 3, 3])
(162, [3, 0, 3, 3, 0, 3, 0, 0, 3, 0, 1, 0, 0, 3, 0, 3, 3, 1, 3, 0, 3, 3, 3, 3, 1, 2, 3, 2, 1, 2, 0, 0, 3, 2, 2, 2, 3, 0, 3, 3, 3, 3, 3, 3, 3, 3, 3, 3, 3, 3])
(168, [3, 0, 3, 3, 0, 3, 0, 0, 3, 0, 1, 0, 0, 3, 0, 3, 3, 1, 3, 0, 3, 3, 3, 3, 1, 2, 3, 2, 1, 1, 3, 3, 0, 1, 1, 2, 1, 3, 3, 3, 3, 3, 3, 3, 3, 3, 3, 3, 3, 3])
(173, [3, 0, 3, 3, 0, 3, 0, 0, 3, 0, 1, 0, 0, 3, 0, 3, 3, 1, 3, 0, 3, 3, 3, 3, 1, 2, 3, 2, 1, 2, 2, 2, 2, 2, 3, 3, 1, 0, 3, 3, 3, 3, 3, 3, 3, 3, 3, 3, 3, 3])
(195, [3, 0, 3, 3, 0, 3, 0, 0, 3, 0, 1, 0, 0, 3, 0, 3, 3, 1, 3, 0, 3, 3, 3, 3, 1, 2, 3, 2, 1, 2, 0, 1, 2, 2, 2, 0, 3, 2, 3, 3, 3, 3, 3, 3, 3, 3, 3, 3, 3, 3])
(200, [3, 0, 3, 3, 0, 3, 0, 0, 3, 0, 1, 0, 0, 3, 0, 3, 3, 1, 3, 0, 3, 3, 3, 3, 1, 2, 3, 2, 1, 2, 0, 0, 1, 2, 1, 2, 2, 2, 3, 3, 3, 3, 3, 3, 3, 3, 3, 3, 3, 3])
(219, [3, 0, 3, 3, 0, 3, 0, 0, 3, 0, 1, 0, 0, 3, 0, 3, 3, 1, 3, 0, 3, 3, 3, 3, 1, 2, 3, 2, 1, 1, 3, 3, 0, 1, 1, 0, 1, 1, 3, 3, 3, 3, 3, 3, 3, 3, 3, 3, 3, 3])
(220, [3, 0, 3, 3, 0, 3, 0, 0, 3, 0, 1, 0, 0, 3, 0, 3, 3, 1, 3, 0, 3, 3, 3, 3, 1, 2, 3, 2, 1, 2, 0, 2, 1, 2, 3, 1, 3, 1, 3, 3, 3, 3, 3, 3, 3, 3, 3, 3, 3, 3])
(221, [3, 0, 3, 3, 0, 3, 0, 0, 3, 0, 1, 0, 0, 3, 0, 3, 3, 1, 3, 0, 3, 3, 3, 3, 1, 2, 3, 2, 1, 1, 3, 3, 0, 1, 1, 1, 2, 2, 3, 3, 3, 3, 3, 3, 3, 3, 3, 3, 3, 3])
(227, [3, 0, 3, 3, 0, 3, 0, 0, 3, 0, 1, 0, 0, 3, 0, 3, 3, 1, 3, 0, 3, 3, 3, 3, 1, 2, 3, 2, 1, 1, 3, 3, 0, 2, 1, 0, 1, 1, 3, 3, 3, 3, 3, 3, 3, 3, 3, 3, 3, 3])
(255, [3, 0, 3, 3, 0, 3, 0, 0, 3, 0, 1, 0, 0, 3, 0, 3, 3, 1, 3, 0, 3, 3, 3, 3, 1, 2, 3, 2, 2, 2, 2, 2, 2, 3, 3, 2, 2, 2, 3, 3, 3, 3, 3, 3, 3, 3, 3, 3, 3, 3])
(265, [3, 0, 3, 3, 3, 3, 3, 3, 3, 3, 3, 3, 3, 3, 3, 3, 3, 3, 3, 3, 3, 3, 3, 3, 3, 3, 3, 3, 3, 3, 3, 3, 3, 3, 3, 3, 3, 3, 3, 3, 3, 3, 3, 3, 3, 3, 3, 3, 3, 3])
(291, [3, 0, 3, 3, 0, 3, 0, 0, 3, 0, 1, 0, 0, 3, 0, 3, 3, 1, 3, 0, 3, 3, 3, 3, 1, 2, 3, 2, 1, 1, 3, 3, 2, 3, 3, 3, 2, 1, 3, 3, 3, 3, 3, 3, 3, 3, 3, 3, 3, 3])
(309, [3, 0, 3, 3, 0, 3, 0, 0, 3, 0, 1, 0, 0, 3, 0, 3, 3, 1, 3, 0, 3, 3, 3, 3, 1, 2, 3, 2, 1, 2, 3, 3, 2, 2, 2, 2, 2, 2, 3, 3, 3, 3, 3, 3, 3, 3, 3, 3, 3, 3])
(363, [3, 0, 3, 3, 0, 3, 0, 0, 3, 0, 1, 0, 0, 3, 0, 3, 3, 1, 3, 0, 3, 3, 3, 3, 3, 3, 3, 3, 3, 3, 3, 3, 3, 3, 3, 3, 3, 3, 3, 3, 3, 3, 3, 3, 3, 3, 3, 3, 3, 3])
(389, [3, 0, 3, 3, 0, 3, 0, 0, 3, 0, 1, 0, 0, 3, 0, 3, 3, 3, 3, 3, 3, 3, 3, 3, 3, 3, 3, 3, 3, 3, 3, 3, 3, 3, 3, 3, 3, 3, 3, 3, 3, 3, 3, 3, 3, 3, 3, 3, 3, 3])
(391, [3, 0, 3, 3, 0, 3, 0, 0, 1, 1, 3, 0, 3, 3, 3, 3, 3, 3, 3, 3, 3, 3, 3, 3, 3, 3, 3, 3, 3, 3, 3, 3, 3, 3, 3, 3, 3, 3, 3, 3, 3, 3, 3, 3, 3, 3, 3, 3, 3, 3])
(414, [3, 0, 3, 3, 0, 3, 0, 0, 3, 0, 1, 0, 0, 3, 0, 3, 0, 3, 0, 0, 3, 2, 3, 3, 3, 3, 3, 3, 3, 3, 3, 3, 3, 3, 3, 3, 3, 3, 3, 3, 3, 3, 3, 3, 3, 3, 3, 3, 3, 3])
(417, [3, 0, 3, 3, 0, 3, 0, 0, 2, 1, 1, 1, 1, 2, 3, 2, 3, 3, 3, 3, 3, 3, 3, 3, 3, 3, 3, 3, 3, 3, 3, 3, 3, 3, 3, 3, 3, 3, 3, 3, 3, 3, 3, 3, 3, 3, 3, 3, 3, 3])
(433, [3, 3, 3, 3, 3, 3, 3, 3, 3, 3, 3, 3, 3, 3, 3, 3, 3, 3, 3, 3, 3, 3, 3, 3, 3, 3, 3, 3, 3, 3, 3, 3, 3, 3, 3, 3, 3, 3, 3, 3, 3, 3, 3, 3, 3, 3, 3, 3, 3, 3])

New contenders:
[[3, 0, 3, 3, 0, 3, 0, 0, 3, 0, 1, 0, 0, 3, 0, 3, 3, 3, 3, 3, 3, 3, 3, 3, 3, 3, 3, 3, 3, 3, 3, 3, 3, 3, 3, 3, 3, 3, 3, 3, 3, 3, 3, 3, 3, 3, 3, 3, 3, 3],
[3, 0, 3, 3, 0, 3, 0, 0, 1, 1, 3, 0, 3, 3, 3, 3, 3, 3, 3, 3, 3, 3, 3, 3, 3, 3, 3, 3, 3, 3, 3, 3, 3, 3, 3, 3, 3, 3, 3, 3, 3, 3, 3, 3, 3, 3, 3, 3, 3, 3],
[3, 0, 3, 3, 0, 3, 0, 0, 3, 0, 1, 0, 0, 3, 0, 3, 0, 3, 0, 0, 3, 2, 3, 3, 3, 3, 3, 3, 3, 3, 3, 3, 3, 3, 3, 3, 3, 3, 3, 3, 3, 3, 3, 3, 3, 3, 3, 3, 3, 3],
[3, 0, 3, 3, 0, 3, 0, 0, 2, 1, 1, 1, 1, 2, 3, 2, 3, 3, 3, 3, 3, 3, 3, 3, 3, 3, 3, 3, 3, 3, 3, 3, 3, 3, 3, 3, 3, 3, 3, 3, 3, 3, 3, 3, 3, 3, 3, 3, 3, 3],
[3, 3, 3, 3, 3, 3, 3, 3, 3, 3, 3, 3, 3, 3, 3, 3, 3, 3, 3, 3, 3, 3, 3, 3, 3, 3, 3, 3, 3, 3, 3, 3, 3, 3, 3, 3, 3, 3, 3, 3, 3, 3, 3, 3, 3, 3, 3, 3, 3, 3],
]